#btaddress
00:18:B2:02:D2:AD
#maxtilex
5,10,20,40,80
#maxtiley
4,8,16,32,64
#maprect
12.912960,66.533650,14.670640,65.967385
#latarray
66.533650,66.524900,66.516147,66.507390,66.498631,66.489868,66.481102,66.472333,66.463561,66.454786,66.446008,66.437227,66.428443,66.419656,66.410865,66.402072,66.393275,66.384475,66.375672,66.366867,66.358058,66.349245,66.340430,66.331612,66.322791,66.313966,66.305139,66.296308,66.287474,66.278637,66.269797,66.260954,66.252108,66.243259,66.234406,66.225551,66.216692,66.207830,66.198966,66.190098,66.181227,66.172352,66.163475,66.154595,66.145711,66.136825,66.127935,66.119042,66.110146,66.101247,66.092345,66.083439,66.074531,66.065619,66.056705,66.047787,66.038866,66.029942,66.021015,66.012084,66.003151,65.994214,65.985274,65.976331,65.967385
#curpos
66.317270,14.196690
#sonar
// sonarpinginit,sonargaininit,sonarnoiselevel,sonarnoisereject,sonarfishdetect,sonarfishsound,sonarfishdepth,sonarfishicon,sonarautorange
16,750,4,2,1,0,1,1,1
#sonarrange
2,60,150,2,0,2,4,6,8,10,13,15,17,19,21,23,25,27,29,31,33,0,8,0,,0.5,,1,,1.5,,2
4,30,150,4,0,4,8,13,17,21,25,29,33,38,42,46,50,54,59,63,67,0,8,0,,1,,2,,3,,4
6,25,150,6,0,6,13,19,25,31,38,44,50,56,63,69,75,82,88,94,100,0,12,0,,1,,2,,3,,4,,5,,6
8,20,150,8,0,8,17,25,33,42,50,59,67,75,84,92,100,109,117,125,134,0,16,0,,1,,2,,3,,4,,5,,6,,7,,8
10,16,150,10,0,10,21,31,42,52,63,73,84,94,105,115,125,136,146,157,167,0,10,0,,2,,4,,6,,8,,10
14,16,150,14,0,15,29,44,59,73,88,102,117,132,146,161,176,190,205,220,234,0,14,0,,2,,4,,6,,8,,10,,12,,14
20,16,150,16,0,21,42,63,84,105,125,146,167,188,209,230,251,272,293,314,334,0,8,0,,5,,10,,15,,20
30,16,150,24,0,31,63,94,125,157,188,220,251,282,314,345,376,408,439,470,502,0,12,0,,5,,10,,15,,20,,25,,30
40,16,150,32,0,42,84,125,167,209,251,293,334,376,418,460,502,544,585,627,669,0,8,0,,10,,20,,30,,40
50,16,150,36,0,52,105,157,209,261,314,366,418,470,523,575,627,679,732,784,836,0,10,0,,10,,20,,30,,40,,50
70,16,150,40,0,73,146,220,293,366,439,512,585,659,732,805,878,951,1024,1098,1171,0,14,0,,10,,20,,30,,40,,50,,60,,70
100,8,175,48,0,105,209,314,418,523,627,732,836,941,1045,1150,1254,1359,1463,1568,1673,0,10,0,,20,,40,,60,,80,,100
120,8,200,54,0,125,251,376,502,627,753,878,1004,1129,1254,1380,1505,1631,1756,1882,2007,0,12,0,,20,,40,,60,,80,,100,,120
150,8,250,60,0,157,314,470,627,784,941,1098,1254,1411,1568,1725,1882,2038,2195,2352,2509,0,15,0,,,30,,,60,,,90,,,120,,,150
200,8,300,64,0,209,418,627,836,1045,1254,1463,1673,1882,2091,2300,2509,2718,2927,3136,3345,0,10,0,20,40,60,80,100,120,140,160,180,200
250,8,350,64,0,261,523,784,1045,1307,1568,1829,2091,2352,2613,2875,3136,3345,3345,3345,3345,0,10,0,25,50,75,100,125,150,175,200,225,250
300,8,425,64,0,314,627,941,1254,1568,1882,2195,2509,2822,3136,3345,3345,3345,3345,3345,3345,0,12,0,,50,,100,,150,,200,,250,,300
350,8,500,64,0,366,732,1098,1463,1829,2195,2561,2927,3293,3345,3345,3345,3345,3345,3345,3345,0,14,0,,50,,100,,150,,200,,250,,300,,350
400,8,600,64,0,418,836,1254,1673,2091,2509,2927,3345,3345,3345,3345,3345,3345,3345,3345,3345,0,16,0,,50,,100,,150,,200,,250,,300,,350,,400
500,8,700,64,0,523,1045,1568,2091,2613,3136,3345,3345,3345,3345,3345,3345,3345,3345,3345,3345,0,20,0,,50,,100,,150,,200,,250,,300,,350,,400,,450,,500
